CORES_ON_SERVERS CORES_ON_PERFS HUGE_MB HWM_MB IOPS MiB/s Latency,us Latency(stddev)
16 216 2050 641.531000 2799340 10934.900000 77.135600 0.487285
16 216 2050 641.586000 2796430 10923.600000 77.217800 0.630075
16 216 2050 641.586000 2796440 10923.600000 77.213300 0.614293
16 216 2050 641.586000 2800100 10937.900000 77.113300 0.627995
16 216 2050 641.586000 2800190 10938.200000 77.114400 0.777876
16 216 2050 641.586000 2800610 10939.900000 77.096700 0.207311
16 216 2050 641.586000 2804360 10954.500000 76.998900 0.614319
16 216 2050 641.586000 2812199 10985.100000 76.791100 1.054090
16 216 2050 641.586000 2819110 11012.200000 76.602200 0.950857
16 216 2050 641.586000 2852840 11143.900000 75.826700 3.144640
16 456 2050 641.285000 2808330 10970.000000 162.396000 2.822120
16 456 2050 641.766000 2807150 10965.400000 162.450000 2.473320
16 456 2050 641.828000 2813270 10989.300000 162.074000 1.609380
16 456 2050 641.832000 2800780 10940.500000 162.785000 0.903277
16 456 2050 641.832000 2807340 10966.200000 162.431000 2.197760
16 456 2050 641.832000 2811780 10983.500000 162.182000 2.390460
16 456 2050 641.836000 2810930 10980.200000 162.235000 2.512510
16 456 2050 641.836000 2820230 11016.500000 161.765000 3.967820
16 456 2050 641.988000 2798960 10933.400000 162.894000 1.106080
16 456 2050 641.988000 2801610 10943.800000 162.752000 1.729240
16 696 2050 641.211000 2831920 11062.200000 211.968000 5.175500
16 696 2050 641.234000 2826920 11042.700000 212.252000 2.976150
16 696 2050 641.238000 2822750 11026.400000 212.550000 2.418400
16 696 2050 641.391000 2812200 10985.100000 247.543000 4.442550
16 696 2050 641.406000 2826150 11039.600000 212.310000 3.052160
16 696 2050 641.543000 2816620 11002.400000 247.117000 3.360030
16 696 2050 642.070000 2820870 11019.100000 246.993000 7.851370
16 696 2050 642.070000 2847030 11121.200000 244.996000 10.566900
16 696 2050 642.094000 2808030 10968.900000 247.856000 2.558340
16 696 2050 642.215000 2834540 11072.400000 245.742000 7.087630
16 936 2050 641.477000 2813720 10991.100000 298.621000 5.842590
16 936 2050 641.477000 2834100 11070.700000 296.675000 9.280330
16 936 2050 641.480000 2827700 11045.700000 305.652000 6.265600
16 936 2050 641.484000 2827050 11043.200000 297.137000 3.507990
16 936 2050 641.504000 2814060 10992.400000 298.503000 3.284300
16 936 2050 642.223000 2823770 11030.400000 306.309000 9.720740
16 936 2050 642.316000 2814510 10994.200000 332.590000 4.399300
16 936 2050 642.348000 2811280 10981.500000 333.057000 6.587350
16 936 2050 642.348000 2822030 11023.600000 331.857000 7.862810
16 936 2050 642.492000 2822870 11026.800000 331.751000 7.722570
16 1176 2050 642.555000 2865310 11192.600000 411.239000 17.271700
16 1176 2050 642.566000 2820900 11019.200000 416.985000 7.047320
16 1176 2050 642.570000 2825960 11038.900000 416.568000 12.717100
16 1176 2050 642.578000 2816760 11003.000000 417.553000 5.734440
16 1176 2050 642.578000 2819580 11013.900000 417.324000 10.076300
16 1176 2050 642.738000 2816300 11001.200000 417.577000 4.048870
16 1176 2050 642.750000 2834960 11074.000000 415.252000 13.306700
16 1176 2050 642.770000 2813900 10991.800000 417.946000 4.588020
16 1176 2050 642.789000 2867920 11202.800000 414.218000 30.050300
16 1176 2050 642.805000 2844980 11113.200000 415.017000 22.111300
16 1416 2050 641.961000 2849100 11129.300000 464.248000 19.625400
16 1416 2050 641.965000 2838490 11087.900000 473.898000 13.727000
16 1416 2050 641.984000 2844060 11109.600000 464.853000 17.092700
16 1416 2050 642.152000 2820830 11018.900000 468.172000 10.298300
16 1416 2050 642.188000 2818160 11008.400000 494.025000 7.555270
16 1416 2050 642.844000 2827370 11044.400000 492.715000 13.279000
16 1416 2050 642.852000 2822870 11026.900000 502.152000 15.374600
16 1416 2050 643.012000 2835420 11075.900000 500.722000 22.155600
16 1416 2050 643.133000 2873960 11226.400000 494.226000 23.435800
16 1416 2050 643.180000 2814490 10994.100000 503.279000 9.595280
16 1656 2050 642.203000 2848010 11125.000000 549.481000 27.721700
16 1656 2050 642.223000 2851110 11137.200000 548.630000 25.813400
16 1656 2050 642.227000 2834230 11071.200000 559.384000 16.393700
16 1656 2050 642.246000 2851730 11139.600000 557.696000 29.063200
16 1656 2050 642.250000 2823670 11030.000000 552.865000 14.538500
16 1656 2050 642.328000 2832460 11064.300000 559.944000 19.146300
16 1656 2050 642.355000 2835180 11074.900000 559.580000 20.577900
16 1656 2050 642.359000 2838050 11086.100000 559.550000 24.220200
16 1656 2050 642.383000 2836840 11081.400000 550.881000 20.947000
16 1656 2050 642.965000 2833420 11068.000000 551.422000 19.653700
16 1896 2050 642.457000 2827420 11044.600000 637.599000 23.260700
16 1896 2050 642.469000 2858960 11167.800000 632.680000 37.064200
16 1896 2050 642.477000 2823010 11027.400000 638.110000 17.216300
16 1896 2050 642.500000 2851450 11138.500000 642.737000 36.050600
16 1896 2050 642.527000 2838770 11088.900000 635.113000 23.202000
16 1896 2050 642.609000 2847960 11124.900000 641.389000 22.954000
16 1896 2050 642.652000 2848090 11125.400000 642.737000 33.670900
16 1896 2050 642.699000 2834360 11071.700000 635.645000 18.801400
16 1896 2050 642.770000 2816140 11000.500000 648.155000 16.637700
16 1896 2050 642.910000 2819120 11012.200000 647.489000 17.092200
16 2136 2050 642.574000 2864090 11187.800000 714.750000 38.314900
16 2136 2050 642.578000 2838130 11086.400000 720.595000 31.383700
16 2136 2050 642.578000 2848710 11127.800000 718.186000 34.149900
16 2136 2050 642.594000 2821810 11022.700000 723.676000 21.819500
16 2136 2050 642.605000 2836290 11079.300000 720.626000 28.890500
16 2136 2050 642.789000 2868950 11206.800000 716.611000 46.881700
16 2136 2050 642.805000 2849920 11132.500000 717.106000 28.940600
16 2136 2050 642.812000 2827460 11044.800000 722.521000 25.201700
16 2136 2050 642.922000 2859200 11168.700000 719.602000 46.080500
16 2136 2050 643.422000 2857420 11161.800000 717.575000 40.800800
16 2376 2050 643.059000 2856070 11156.600000 810.582000 44.517700
16 2376 2050 643.090000 2822980 11027.300000 808.335000 22.684100
16 2376 2050 643.277000 2852340 11141.900000 810.258000 39.986700
16 2376 2050 643.281000 2859660 11170.600000 810.890000 48.434600
16 2376 2050 643.293000 2861060 11176.000000 810.435000 47.409200
16 2376 2050 643.293000 2863360 11185.000000 811.983000 51.904600
16 2376 2050 643.441000 2850290 11134.000000 802.515000 39.764100
16 2376 2050 643.492000 2875030 11230.600000 808.143000 53.866200
16 2376 2050 643.496000 2858900 11167.600000 811.870000 48.910100
16 2376 2050 644.211000 2859860 11171.400000 811.664000 49.370800
